'MoireBands'
____________________________________
Reading the inputfile name: input_MoS2.inp
____________________________________
V1_param_in_meV = 39.45
V2_param_in_meV = 6.5
V3_param_in_meV = 10
Psi_param_in_radians = 3.14159
omega_param_in_meV = 0
Grid_ReciprocalLattice_L1 = 12
Grid_ReciprocalLattice_L2 = 12
BZ_L1 = 9
BZ_L2 = 9
q_slices = 200
theta_slices = 200
r_slices = 1801
a_monolayer_in_angstorm = 3.182
Twist_Theta_in_radians = 0.0174533
a_moire (in Angstorm)= 182.315
MStar_in_RestMass = 0.9
eps_DE = 1
Layer_Potential_Diff_Vz_in_meV = 0
Wnr_center_rxry[0]=(-105.26, 0)
Wnr_center_rxry[1]=(-105.26, 0)
Wnr_center_rxry[2]=(-52.6299, 91.1576)
Wnr_center_rxry[3]=(-52.6299, 91.1576)
E_gamma_max = 82.5884
0  0
-1  1
-2  2
-3  3
-1  4
0  3
0  2
0  1
0  0
d_r1, d_r2 = 0.81029, 0.81029
r1_min,r1_max = -790.032,  668.489
r2_min,r2_max = -790.032,  668.489
Wnr_center_1[0],Wnr_center_2[0] = -60.7717,  -60.7717
doing 0  0
---Overlap matrix- <Psi_k|Porb>---
(7.96578,-0.00621854)  (4.59887,0.0606131)  (-7.96563,-0.0493832)  (-4.59913,0.0356919)  
(4.59882,0.0315999)  (-7.96539,0.0182442)  (-4.59882,0.0315999)  (7.96539,0.0182442)  
(-0.0170597,7.76863)  (0.0295483,4.48522)  (0.0170597,7.76863)  (-0.0295483,4.48522)  
(0.129204,-4.48301)  (-0.330337,7.76062)  (0.221478,-4.47939)  (-0.277063,7.76271)  
---------------------
---Bloch_overlap matrix <Psi_k|Psi_k>----
(1,5.19092e-22)  (0.000555894,-1.1154e-05)  (-1.38725e-06,-0.00162394)  (1.56845e-05,0.000569155)  
(0.000555894,1.1154e-05)  (1,-6.37754e-23)  (2.84631e-06,-0.000569266)  (3.18597e-05,0.000966135)  
(-1.38725e-06,0.00162394)  (2.84631e-06,0.000569266)  (1,2.25791e-22)  (-0.000562413,6.76183e-06)  
(1.56845e-05,-0.000569155)  (3.18597e-05,-0.000966135)  (-0.000562413,-6.76183e-06)  (1,-8.24885e-21)  
---------------------
---Printing S_mat-------
shape:= (4,4)
(1.7e+02,-7.8e-20) (-0.034,0.063) (-4.1,-0.0026) (0.0054,0.0013) 
(-0.034,-0.063) (1.7e+02,3e-20) (0.0054,0.0017) (-4.1,0.0027) 
(-4.1,0.0026) (0.0054,-0.0017) (1.6e+02,3.7e-21) (-0.034,-0.063) 
(0.0054,-0.0013) (-4.1,-0.0027) (-0.034,0.063) (1.6e+02,-6.6e-20) 
Printing S_mat after diagonalizing----------
shape:= (4,4)
(-0.11,0) (-0.67,0) (0.15,-0) (-0.72,0) 
(-0.69,0.05) (0.12,-0.02) (0.7,0.035) (0.14,0.018) 
(-0.12,-0.011) (-0.72,0.0024) (-0.14,0.01) (0.67,0.0015) 
(-0.7,0.052) (0.12,-0.0094) (-0.68,-0.036) (-0.14,-0.0069) 
S_eigs_[0] = 1.6e+02
S_eigs_[1] = 1.6e+02
S_eigs_[2] = 1.7e+02
S_eigs_[3] = 1.7e+02
Printing S_inv_sqrt ---------------
shape:= (4,4)
(0.078,0) (7.9e-06,-1.5e-05) (0.00098,6.3e-07) (-9.8e-07,-3e-07) 
(7.9e-06,1.5e-05) (0.078,-4.3e-19) (-9.8e-07,-3.9e-07) (0.00098,-6.3e-07) 
(0.00098,-6.3e-07) (-9.8e-07,3.9e-07) (0.078,0) (8e-06,1.5e-05) 
(-9.8e-07,3e-07) (0.00098,6.3e-07) (8e-06,-1.5e-05) (0.078,-2.3e-19) 
doing 0  1
---Overlap matrix- <Psi_k|Porb>---
(-7.4,-3)  (4.2,1.7)  (7.4,-3)  (-4.2,1.7)  
(-4.6,-0.3)  (-8,-0.64)  (4.6,-0.3)  (8,-0.64)  
(-0.41,4.6)  (-0.55,7.7)  (0.41,4.6)  (0.55,7.7)  
(-2.9,7.1)  (1.7,-4.3)  (2.9,7.1)  (-1.7,-4.3)  
---------------------
---Bloch_overlap matrix <Psi_k|Psi_k>----
(1,-7.7e-21)  (0.00053,0.00018)  (-0.00017,0.00057)  (-1.6e-06,0.0016)  
(0.00053,-0.00018)  (1,-3.4e-20)  (1e-05,0.00097)  (0.00017,0.00052)  
(-0.00017,-0.00057)  (1e-05,-0.00097)  (1,5.7e-20)  (0.00055,-0.00016)  
(-1.6e-06,-0.0016)  (0.00017,-0.00052)  (0.00055,0.00016)  (1,4.1e-20)  
---------------------
---Printing S_mat-------
shape:= (4,4)
(1.7e+02,-8.9e-19) (0.15,0.054) (-3.3,2.3) (-0.35,-0.95) 
(0.15,-0.054) (1.7e+02,1.6e-17) (-0.35,-0.95) (-3.7,1.2) 
(-3.3,-2.3) (-0.35,0.95) (1.6e+02,-1.3e-18) (0.15,-0.055) 
(-0.35,0.95) (-3.7,-1.2) (0.15,0.055) (1.6e+02,-1.5e-17) 
Printing S_mat after diagonalizing----------
shape:= (4,4)
(-0.49,0) (0.47,0) (0.067,0) (0.73,0) 
(0.48,0.017) (0.5,0.034) (-0.69,-0.17) (0.066,0.0051) 
(-0.37,-0.39) (0.46,0.18) (0.068,-0.17) (-0.55,-0.36) 
(0.39,0.29) (0.53,0.067) (0.57,0.37) (-0.13,0.12) 
S_eigs_[0] = 1.6e+02
S_eigs_[1] = 1.6e+02
S_eigs_[2] = 1.7e+02
S_eigs_[3] = 1.7e+02
Printing S_inv_sqrt ---------------
shape:= (4,4)
(0.078,0) (-3.6e-05,-1.3e-05) (0.00078,-0.00055) (8.1e-05,0.00023) 
(-3.6e-05,1.3e-05) (0.078,1.7e-18) (8.1e-05,0.00023) (0.00087,-0.00029) 
(0.00078,0.00055) (8.1e-05,-0.00023) (0.078,8.7e-19) (-3.6e-05,1.3e-05) 
(8.1e-05,-0.00023) (0.00087,0.00029) (-3.6e-05,-1.3e-05) (0.078,1.7e-18) 
doing 0  2
---Overlap matrix- <Psi_k|Porb>---
(5.8,5.4)  (-3.4,-3.1)  (-5.8,5.4)  (3.4,-3.1)  
(4.6,0.61)  (7.8,1.1)  (-4.6,0.61)  (-7.8,1.1)  
(0.56,-4.4)  (1,-7.8)  (-0.56,-4.4)  (-1,-7.8)  
(5.3,-5.7)  (-3.1,3.2)  (-5.3,-5.7)  (3.1,3.2)  
---------------------
---Bloch_overlap matrix <Psi_k|Psi_k>----
(1,-2.2e-20)  (0.00046,0.00034)  (-0.00032,0.00044)  (-8.4e-06,0.0016)  
(0.00046,-0.00034)  (1,3.4e-20)  (8.1e-07,0.00097)  (0.00032,0.00048)  
(-0.00032,-0.00044)  (8.1e-07,-0.00097)  (1,-3.9e-20)  (0.00045,-0.00032)  
(-8.4e-06,-0.0016)  (0.00032,-0.00048)  (0.00045,0.00032)  (1,-2.7e-20)  
---------------------
---Printing S_mat-------
shape:= (4,4)
(1.7e+02,1.7e-19) (0.15,0.048) (-1.2,3.6) (-1.2,-1.5) 
(0.15,-0.048) (1.7e+02,8.2e-18) (-1.2,-1.5) (-2.6,1.9) 
(-1.2,-3.6) (-1.2,1.5) (1.6e+02,9.7e-18) (0.15,-0.048) 
(-1.2,1.5) (-2.6,-1.9) (0.15,0.048) (1.6e+02,-9.6e-19) 
Printing S_mat after diagonalizing----------
shape:= (4,4)
(0.56,-0) (-0.38,0) (-0.28,0) (0.68,0) 
(-0.4,0.0024) (-0.58,-0.014) (-0.66,0.014) (-0.27,-0.0035) 
(0.046,0.62) (-0.35,-0.17) (0.32,0.0091) (-0.095,-0.6) 
(-0.07,-0.38) (-0.59,-0.16) (0.57,0.22) (-0.03,0.31) 
S_eigs_[0] = 1.6e+02
S_eigs_[1] = 1.6e+02
S_eigs_[2] = 1.7e+02
S_eigs_[3] = 1.7e+02
Printing S_inv_sqrt ---------------
shape:= (4,4)
(0.078,0) (-3.9e-05,-1.1e-05) (0.00027,-0.00084) (0.00029,0.00035) 
(-3.9e-05,1.1e-05) (0.078,0) (0.00029,0.00035) (0.0006,-0.00044) 
(0.00027,0.00084) (0.00029,-0.00035) (0.078,0) (-3.9e-05,1.1e-05) 
(0.00029,-0.00035) (0.0006,0.00044) (-3.9e-05,-1.1e-05) (0.078,-1.4e-18) 
doing 0  3
---Overlap matrix- <Psi_k|Porb>---
(3.7,7.1)  (-2.2,-4.1)  (-3.7,7.1)  (2.2,-4.1)  
(4.6,0.68)  (7.8,1.1)  (-4.6,0.68)  (-7.8,1.1)  
(0.58,-4.4)  (1.1,-7.8)  (-0.58,-4.4)  (-1.1,-7.8)  
(6.9,-3.7)  (-4,2)  (-6.9,-3.7)  (4,2)  
---------------------
---Bloch_overlap matrix <Psi_k|Psi_k>----
(1,-4.8e-20)  (0.00033,0.00047)  (-0.00045,0.00031)  (-9e-06,0.0016)  
(0.00033,-0.00047)  (1,4.4e-20)  (-3.1e-06,0.00097)  (0.00045,0.00035)  
(-0.00045,-0.00031)  (-3.1e-06,-0.00097)  (1,-7.9e-21)  (0.00032,-0.00045)  
(-9e-06,-0.0016)  (0.00045,-0.00035)  (0.00032,0.00045)  (1,9.6e-21)  
---------------------
---Printing S_mat-------
shape:= (4,4)
(1.7e+02,1.3e-18) (0.15,0.041) (1.3,3.1) (-2.2,-1.3) 
(0.15,-0.041) (1.7e+02,-7.3e-18) (-2.2,-1.3) (-1.3,1.6) 
(1.3,-3.1) (-2.2,1.3) (1.6e+02,2.1e-17) (0.15,-0.041) 
(-2.2,1.3) (-1.3,-1.6) (0.15,0.041) (1.6e+02,1.5e-17) 
Printing S_mat after diagonalizing----------
shape:= (4,4)
(-0.58,0) (0.35,0) (0.34,0) (0.66,0) 
(0.37,-0.0078) (0.59,-0.00062) (0.64,0.0013) (-0.32,-0.0072) 
(0.35,-0.52) (0.32,0.14) (-0.35,-0.08) (0.32,-0.5) 
(-0.19,0.31) (0.61,0.19) (-0.54,-0.22) (-0.21,0.28) 
S_eigs_[0] = 1.6e+02
S_eigs_[1] = 1.6e+02
S_eigs_[2] = 1.7e+02
S_eigs_[3] = 1.7e+02
Printing S_inv_sqrt ---------------
shape:= (4,4)
(0.078,0) (-4.1e-05,-9.7e-06) (-0.0003,-0.00074) (0.00053,0.0003) 
(-4.1e-05,9.7e-06) (0.078,-2.7e-20) (0.00053,0.0003) (0.0003,-0.00039) 
(-0.0003,0.00074) (0.00053,-0.0003) (0.078,-4.3e-19) (-4.1e-05,9.8e-06) 
(0.00053,-0.0003) (0.0003,0.00039) (-4.1e-05,-9.8e-06) (0.078,8.7e-19) 
doing 0  4
---Overlap matrix- <Psi_k|Porb>---
(1.2,7.9)  (-0.77,-4.5)  (-1.2,7.9)  (0.77,-4.5)  
(4.6,0.34)  (7.9,0.52)  (-4.6,0.34)  (-7.9,0.52)  
(0.23,-4.5)  (0.57,-7.8)  (-0.23,-4.5)  (-0.57,-7.8)  
(7.6,-1.3)  (-4.4,0.63)  (-7.6,-1.3)  (4.4,0.63)  
---------------------
---Bloch_overlap matrix <Psi_k|Psi_k>----
(1,4.1e-20)  (0.00013,0.00056)  (-0.00055,0.00011)  (-8.7e-06,0.0016)  
(0.00013,-0.00056)  (1,5.5e-20)  (-6.8e-06,0.00097)  (0.00054,0.00015)  
(-0.00055,-0.00011)  (-6.8e-06,-0.00097)  (1,-1.6e-20)  (0.00012,-0.00055)  
(-8.7e-06,-0.0016)  (0.00054,-0.00015)  (0.00012,0.00055)  (1,-6.6e-20)  
---------------------
---Printing S_mat-------
shape:= (4,4)
(1.7e+02,1.2e-17) (0.15,0.035) (2.9,1.2) (-2.9,-0.51) 
(0.15,-0.035) (1.7e+02,2e-17) (-2.9,-0.51) (-0.45,0.64) 
(2.9,-1.2) (-2.9,0.51) (1.6e+02,-2e-18) (0.14,-0.035) 
(-2.9,0.51) (-0.45,-0.64) (0.14,0.035) (1.6e+02,-8.9e-18) 
Printing S_mat after diagonalizing----------
shape:= (4,4)
(0.58,0) (-0.34,0) (0.35,0) (0.65,0) 
(-0.37,0.0097) (-0.59,0.012) (0.64,0.011) (-0.33,-0.0082) 
(-0.6,0.21) (-0.33,-0.058) (-0.37,-0.056) (0.56,-0.19) 
(0.34,-0.11) (-0.64,-0.094) (-0.56,-0.11) (-0.34,0.11) 
S_eigs_[0] = 1.6e+02
S_eigs_[1] = 1.6e+02
S_eigs_[2] = 1.7e+02
S_eigs_[3] = 1.7e+02
Printing S_inv_sqrt ---------------
shape:= (4,4)
(0.078,0) (-4.3e-05,-8.3e-06) (-0.00068,-0.00029) (0.00068,0.00012) 
(-4.3e-05,8.3e-06) (0.078,1.1e-19) (0.00068,0.00012) (0.00011,-0.00015) 
(-0.00068,0.00029) (0.00068,-0.00012) (0.078,1.5e-18) (-4.3e-05,8.3e-06) 
(0.00068,-0.00012) (0.00011,0.00015) (-4.3e-05,-8.3e-06) (0.078,1.3e-18) 
doing 0  5
---Overlap matrix- <Psi_k|Porb>---
(-1.3,7.9)  (0.7,-4.5)  (1.3,7.9)  (-0.7,-4.5)  
(-4.6,0.28)  (-7.9,0.56)  (4.6,0.28)  (7.9,0.56)  
(-0.39,-4.5)  (-0.48,-7.8)  (0.39,-4.5)  (0.48,-7.8)  
(7.7,1.2)  (-4.4,-0.79)  (-7.7,1.2)  (4.4,-0.79)  
---------------------
---Bloch_overlap matrix <Psi_k|Psi_k>----
(1,-8.9e-21)  (0.00012,-0.00056)  (-0.00055,-0.00015)  (-8.6e-06,0.0016)  
(0.00012,0.00056)  (1,6.6e-20)  (9.5e-06,-0.00097)  (-0.00054,0.00011)  
(-0.00055,0.00015)  (9.5e-06,0.00097)  (1,-6.9e-20)  (-0.00013,-0.00055)  
(-8.6e-06,-0.0016)  (-0.00054,-0.00011)  (-0.00013,0.00055)  (1,3.1e-20)  
---------------------
---Printing S_mat-------
shape:= (4,4)
(1.7e+02,9.6e-18) (0.14,0.029) (2.9,-1.2) (-2.9,0.51) 
(0.14,-0.029) (1.7e+02,-9.9e-18) (-2.9,0.51) (-0.46,-0.65) 
(2.9,1.2) (-2.9,-0.51) (1.6e+02,-1.1e-17) (0.14,-0.029) 
(-2.9,-0.51) (-0.46,0.65) (0.14,0.029) (1.6e+02,1.3e-18) 
Printing S_mat after diagonalizing----------
shape:= (4,4)
(0.58,0) (-0.35,0) (0.35,0) (0.65,0) 
(-0.37,0.011) (-0.58,0.02) (0.64,0.019) (-0.32,-0.009) 
(-0.6,-0.19) (-0.33,0.087) (-0.37,0.029) (0.55,0.2) 
(0.33,0.12) (-0.64,0.11) (-0.56,0.095) (-0.34,-0.1) 
S_eigs_[0] = 1.6e+02
S_eigs_[1] = 1.6e+02
S_eigs_[2] = 1.7e+02
S_eigs_[3] = 1.7e+02
Printing S_inv_sqrt ---------------
shape:= (4,4)
(0.078,0) (-4.3e-05,-6.9e-06) (-0.00068,0.00029) (0.00068,-0.00012) 
(-4.3e-05,6.9e-06) (0.078,1.9e-19) (0.00068,-0.00012) (0.00011,0.00015) 
(-0.00068,-0.00029) (0.00068,0.00012) (0.078,2.1e-18) (-4.3e-05,6.9e-06) 
(0.00068,0.00012) (0.00011,-0.00015) (-4.3e-05,-6.9e-06) (0.078,-4.3e-19) 
doing 0  6
