'MoireBands'
____________________________________
Reading the inputfile name: input_MoS2.inp
____________________________________
V1_param_in_meV = 39.45
V2_param_in_meV = 6.5
V3_param_in_meV = 10
Psi_param_in_radians = 3.14159
omega_param_in_meV = 0
Grid_ReciprocalLattice_L1 = 18
Grid_ReciprocalLattice_L2 = 18
BZ_L1 = 72
BZ_L2 = 72
q_slices = 200
theta_slices = 200
r_slices = 271
a_monolayer_in_angstorm = 3.182
Twist_Theta_in_radians = 0.043693
a_moire (in Angstorm)= 72.8262
MStar_in_RestMass = 0.9
eps_DE = 1
Layer_Potential_Diff_Vz_in_meV = 0
Wnr_center_rxry[0]=(-42.0462, 0)
Wnr_center_rxry[1]=(-42.0462, 0)
Wnr_center_rxry[2]=(-21.0231, 36.4131)
Wnr_center_rxry[3]=(-21.0231, 36.4131)
E_gamma_max = 54.7813
0  0
-1  1
-2  2
-3  3
-4  4
-5  5
-6  6
-7  7
-8  8
-9  9
-10  10
-11  11
-12  12
-13  13
-14  14
-15  15
-16  16
-17  17
-18  18
-19  19
-20  20
-21  21
-22  22
-23  23
-24  24
-22  25
-20  26
-18  27
-16  28
-14  29
-12  30
-10  31
-8  32
-6  33
-4  34
-2  35
0  36
0  35
0  34
0  33
0  32
0  31
0  30
0  29
0  28
0  27
0  26
0  25
0  24
0  23
0  22
0  21
0  20
0  19
0  18
0  17
0  16
0  15
0  14
0  13
0  12
0  11
0  10
0  9
0  8
0  7
0  6
0  5
0  4
0  3
0  2
0  1
0  0
d_r1, d_r2 = 1.61836, 1.61836
r1_min,r1_max = -242.754,  194.203
r2_min,r2_max = -242.754,  194.203
Wnr_center_1[0],Wnr_center_2[0] = -24.2754,  -24.2754
doing 0  0
---Overlap matrix- <Psi_k|Porb>---
(6.30521,0.000181708)  (-10.874,0.000104909)  (-6.30521,-0.000181708)  (10.8741,-0.00010491)  
(-10.8611,-0.0972403)  (-6.29769,-0.0561417)  (10.8611,0.0972405)  (6.29773,0.0561421)  
(-2.44353e-05,7.20685)  (4.23231e-05,4.1649)  (-2.44355e-05,7.20681)  (4.23231e-05,4.16483)  
(-0.0583005,-4.16522)  (0.100979,7.20738)  (-0.0583009,-4.16524)  (0.100979,7.20735)  
---------------------
---Bloch_overlap matrix <Psi_k|Psi_k>----
(1,9.82965e-25)  (-0.00201627,1.79937e-05)  (7.23775e-08,-0.00310961)  (-1.65023e-05,0.00117573)  
(-0.00201627,-1.79937e-05)  (1,1.66862e-21)  (-4.23971e-05,0.00473681)  (7.10831e-05,-0.00309719)  
(7.23775e-08,0.00310961)  (-4.23971e-05,-0.00473681)  (1,-2.21243e-24)  (-0.000300147,-4.20217e-06)  
(-1.65023e-05,-0.00117573)  (7.10831e-05,0.00309719)  (-0.000300147,4.20217e-06)  (1,6.2129e-21)  
---------------------
---Printing S_mat-------
shape:= (4,4)
(2.3e+02,1.9e-24) (-0.34,1.2e-05) (-89,7e-10) (0.3,-1.2e-05) 
(-0.34,-1.2e-05) (2.3e+02,-2e-24) (0.29,1.2e-05) (-88,-2.6e-09) 
(-89,-7e-10) (0.29,-1.2e-05) (2.3e+02,2.8e-24) (-0.34,1.2e-05) 
(0.3,1.2e-05) (-88,2.6e-09) (-0.34,-1.2e-05) (2.3e+02,4.2e-24) 
Printing S_mat after diagonalizing----------
shape:= (4,4)
(0.38,0) (0.59,0) (0.35,-0) (-0.62,0) 
(0.6,7.9e-06) (-0.38,-5.1e-06) (0.61,2.4e-05) (0.35,1.3e-05) 
(0.39,8.1e-11) (0.6,-4.6e-11) (-0.35,8.4e-11) (0.61,5.4e-11) 
(0.59,7.9e-06) (-0.38,-5.1e-06) (-0.62,-2.4e-05) (-0.35,-1.3e-05) 
S_eigs_[0] = 1.4e+02
S_eigs_[1] = 1.4e+02
S_eigs_[2] = 3.1e+02
S_eigs_[3] = 3.2e+02
Printing S_inv_sqrt ---------------
shape:= (4,4)
(0.07,0) (3.5e-05,-1.2e-09) (0.014,-1.1e-13) (-2.2e-05,1e-09) 
(3.5e-05,1.2e-09) (0.071,-7.9e-23) (-2.2e-05,-1e-09) (0.014,4.2e-13) 
(0.014,1.1e-13) (-2.2e-05,1e-09) (0.071,0) (3.5e-05,-1.2e-09) 
(-2.2e-05,-1e-09) (0.014,-4.2e-13) (3.5e-05,1.2e-09) (0.071,-2.6e-23) 
doing 0  1
---Overlap matrix- <Psi_k|Porb>---
(11,0.59)  (-6.3,-0.34)  (-11,0.59)  (6.3,-0.34)  
(6.3,0.026)  (11,0.045)  (-6.3,0.026)  (-11,0.045)  
(0.062,-4.2)  (0.11,-7.2)  (-0.062,-4.2)  (-0.11,-7.2)  
(0.31,-7.2)  (-0.18,4.2)  (-0.31,-7.2)  (0.18,4.2)  
---------------------
---Bloch_overlap matrix <Psi_k|Psi_k>----
(1,-1.6e-20)  (0.002,0.00014)  (-8.2e-05,0.0031)  (-7.3e-06,0.0047)  
(0.002,-0.00014)  (1,-8e-20)  (3.3e-05,0.0012)  (3.6e-05,0.0031)  
(-8.2e-05,-0.0031)  (3.3e-05,-0.0012)  (1,9.9e-20)  (0.0003,-8e-05)  
(-7.3e-06,-0.0047)  (3.6e-05,-0.0031)  (0.0003,8e-05)  (1,7.2e-20)  
---------------------
---Printing S_mat-------
shape:= (4,4)
(2.3e+02,1.3e-17) (0.34,-0.0012) (-88,8.1) (-0.47,-5.1) 
(0.34,0.0012) (2.3e+02,5.9e-18) (-0.47,-5.1) (-88,2.2) 
(-88,-8.1) (-0.47,5.1) (2.3e+02,-2.6e-17) (0.34,0.0068) 
(-0.47,5.1) (-88,-2.2) (0.34,-0.0068) (2.3e+02,-2.1e-17) 
Printing S_mat after diagonalizing----------
shape:= (4,4)
(-0.56,0) (0.42,0) (0.3,-0) (-0.65,0) 
(0.42,-0.05) (0.56,-0.068) (-0.64,0.035) (-0.29,0.016) 
(-0.57,-0.077) (0.42,0.0058) (-0.29,-0.064) (0.63,0.041) 
(0.42,-0.0065) (0.57,-0.078) (0.64,-0.0019) (0.3,-0.045) 
S_eigs_[0] = 1.4e+02
S_eigs_[1] = 1.4e+02
S_eigs_[2] = 3.2e+02
S_eigs_[3] = 3.2e+02
Printing S_inv_sqrt ---------------
shape:= (4,4)
(0.07,0) (-4.7e-05,-2e-07) (0.014,-0.0013) (4.6e-05,0.00083) 
(-4.7e-05,2e-07) (0.071,-4.3e-19) (4.6e-05,0.00083) (0.014,-0.00035) 
(0.014,0.0013) (4.6e-05,-0.00083) (0.071,-2.2e-19) (-4.8e-05,1.2e-06) 
(4.6e-05,-0.00083) (0.014,0.00035) (-4.8e-05,-1.2e-06) (0.071,-2.7e-20) 
doing 0  2
